Block 1: p1=0.33333333333335763, p2=0.33333333333335746, p3=0.33333333333328485. Probability to respond correctly: 0.33333333333335763
Block 1: p1=0.3333333333333334, p2=0.3333333333333333, p3=0.3333333333333332. Probability to respond correctly: 0.3333333333333334
Block 1: p1=0.4511674610009865, p2=0.2744162694995067, p3=0.2744162694995067. Probability to respond correctly: 0.4511674610009865
Block 1: p1=0.4188507164590107, p2=0.3263892198766714, p3=0.25476006366431797. Probability to respond correctly: 0.4188507164590107
Block 1 pragmatic trial: p1=0.3559361600173598, p2=0.3559361600173603, p3=0.28812767996528. Probability to respond correctly: 0.3559361600173598
Block 1: p1=0.49533518344612476, p2=0.25233240827693776, p3=0.2523324082769375. Probability to respond correctly: 0.49533518344612476
Block 1: p1=0.450018979013395, p2=0.2637444631287675, p3=0.2862365578578375. Probability to respond correctly: 0.450018979013395
Block 1: p1=0.4494398361566477, p2=0.2764793650800055, p3=0.2740807987633469. Probability to respond correctly: 0.4494398361566477
Block 1 pragmatic trial: p1=0.33333333333341514, p2=0.33333333333316845, p3=0.3333333333334164. Probability to respond correctly: 0.3333333333334164
Block 1: p1=0.4094201257261989, p2=0.2833523953239154, p3=0.3072274789498857. Probability to respond correctly: 0.4094201257261989
Block 1: p1=0.41088050970631423, p2=0.30962381450825655, p3=0.2794956757854293. Probability to respond correctly: 0.41088050970631423
Block 1: p1=0.4774412455845112, p2=0.2201614203893758, p3=0.30239733402611313. Probability to respond correctly: 0.4774412455845112
Block 1: p1=0.447188812386426, p2=0.2619405667079247, p3=0.2908706209056493. Probability to respond correctly: 0.447188812386426
Block 1: p1=0.46664882015162595, p2=0.2751415876123904, p3=0.2582095922359837. Probability to respond correctly: 0.46664882015162595
Block 1 pragmatic trial: p1=0.34739979315074704, p2=0.345818721711439, p3=0.30678148513781395. Probability to respond correctly: 0.30678148513781395
Block 1: p1=0.5288790264272808, p2=0.24128286801266044, p3=0.22983810556005888. Probability to respond correctly: 0.5288790264272808
Block 1: p1=0.36420256634756276, p2=0.30379764536122605, p3=0.3319997882912111. Probability to respond correctly: 0.36420256634756276
Block 1: p1=0.35803363666622806, p2=0.3006411543168443, p3=0.34132520901692764. Probability to respond correctly: 0.35803363666622806
Block 1: p1=0.3786522041982715, p2=0.34079282853909126, p3=0.28055496726263723. Probability to respond correctly: 0.3786522041982715
Block 1 pragmatic trial: p1=0.38765702170446636, p2=0.38821138464718397, p3=0.22413159364834956. Probability to respond correctly: 0.38821138464718397
Block 1: p1=0.42569975465368426, p2=0.2609218369442434, p3=0.3133784084020722. Probability to respond correctly: 0.42569975465368426
Block 1: p1=0.36401841671273655, p2=0.19432919815299138, p3=0.4416523851342721. Probability to respond correctly: 0.4416523851342721
Lexica 1: p=h3, q=s1 or c1, Probability=0.015199807312036566			right p would be h3 and not s1. q is right
Lexica 2: p=h3, q=s1 or nc2, Probability=0.005591696619865616
Lexica 3: p=h3, q=s1 or nc3, Probability=0.005591696619865616
Lexica 4: p=h3, q=n(s2 and c2), Probability=0.005591696619865616
Lexica 5: p=h3, q=n(s2 and c3), Probability=0.005591696619865616
Top 5 most probable p_hypotheses with probabilities:
1. Hypothesis: h3, Probability: 0.1440286998853034
2. Hypothesis: ns1, Probability: 0.052985197626454796
3. Hypothesis: nh1, Probability: 0.052985197626454796
4. Hypothesis: nh2, Probability: 0.052985197626454796
5. Hypothesis: s1 or h3, Probability: 0.01949216489317862
Top 5 most probable q_hypotheses with probabilities:
1. Hypothesis: s1 or c1, Probability: 0.10553318417885368
2. Hypothesis: s1 or nc2, Probability: 0.038823488820759595
3. Hypothesis: s1 or nc3, Probability: 0.038823488820759595
4. Hypothesis: n(s2 and c2), Probability: 0.038823488820759595
5. Hypothesis: n(s2 and c3), Probability: 0.038823488820759595
Block 2: p1=0.36439410272397926, p2=0.36426318977110594, p3=0.27134270750491474. Probability to respond correctly: 0.36426318977110594
Block 2: p1=0.3212115617098867, p2=0.37967904298934857, p3=0.29910939530076475. Probability to respond correctly: 0.37967904298934857
Block 2: p1=0.2648002280355287, p2=0.41385411693152235, p3=0.32134565503294876. Probability to respond correctly: 0.41385411693152235
Block 2: p1=0.37052734767438733, p2=0.3709206615235396, p3=0.25855199080207303. Probability to respond correctly: 0.3709206615235396
Block 2: p1=0.36961039192038625, p2=0.373286913453274, p3=0.2571026946263398. Probability to respond correctly: 0.373286913453274
Block 2 pragmatic trial: p1=0.30387648325050626, p2=0.2798937795718839, p3=0.4162297371776098. Probability to respond correctly: 0.4162297371776098
Block 2: p1=0.37159846923689205, p2=0.2574521527264983, p3=0.3709493780366096. Probability to respond correctly: 0.37159846923689205
Block 2: p1=0.3843392457934681, p2=0.30817664096625785, p3=0.3074841132402741. Probability to respond correctly: 0.30817664096625785
Block 2: p1=0.3094743571439088, p2=0.38389728464024847, p3=0.3066283582158428. Probability to respond correctly: 0.38389728464024847
Block 2: p1=0.3143843999476863, p2=0.37328279500278444, p3=0.3123328050495293. Probability to respond correctly: 0.37328279500278444
Block 2 pragmatic trial: p1=0.2946452621552565, p2=0.36561310294794963, p3=0.3397416348967939. Probability to respond correctly: 0.3397416348967939
Block 2: p1=0.2985119835499714, p2=0.4207634705156581, p3=0.28072454593437046. Probability to respond correctly: 0.28072454593437046
Block 2: p1=0.3606561920048471, p2=0.25862568908296907, p3=0.3807181189121839. Probability to respond correctly: 0.3606561920048471
Block 2: p1=0.25078660336301273, p2=0.32956058270354527, p3=0.41965281393344206. Probability to respond correctly: 0.41965281393344206
Block 2 pragmatic trial: p1=0.30641241166223027, p2=0.3792895305433682, p3=0.3142980577944016. Probability to respond correctly: 0.3792895305433682
Block 2: p1=0.35917653214043255, p2=0.35524727064814043, p3=0.2855761972114271. Probability to respond correctly: 0.35917653214043255
Block 2: p1=0.25846330359463887, p2=0.3892503142122466, p3=0.35228638219311453. Probability to respond correctly: 0.3892503142122466
Block 2: p1=0.33701953611414415, p2=0.40117239895824147, p3=0.26180806492761455. Probability to respond correctly: 0.40117239895824147
Block 2: p1=0.24151056280403546, p2=0.3814426519524009, p3=0.3770467852435636. Probability to respond correctly: 0.3814426519524009
Block 2 pragmatic trial: p1=0.3160431691746975, p2=0.37714754528730177, p3=0.30680928553800085. Probability to respond correctly: 0.30680928553800085
Block 2: p1=0.4030790741746607, p2=0.37813527863445184, p3=0.21878564719088753. Probability to respond correctly: 0.37813527863445184
Block 2: p1=0.21447679894631635, p2=0.3900194077948732, p3=0.3955037932588104. Probability to respond correctly: 0.3955037932588104
Lexica 1: p=c2 or h3, q=s1 or nc3, Probability=0.007786999268162847		p is right. right q: not(c3 or s3)
Lexica 2: p=c2 or h3, q=n(s2 and c3), Probability=0.007786999268162847
Lexica 3: p=c2 or h3, q=n(s3 and c3), Probability=0.007786999268162847
Lexica 4: p=c2 or h3, q=n(c3 and h1), Probability=0.007786999268162847
Lexica 5: p=c2 or h3, q=n(c3 and h2), Probability=0.007786999268162847
Top 5 most probable p_hypotheses with probabilities:
1. Hypothesis: c2 or h3, Probability: 0.10128560961642115
2. Hypothesis: n(s1 and c1), Probability: 0.03726089346439785
3. Hypothesis: n(s1 and c3), Probability: 0.03726089346439785
4. Hypothesis: n(s2 and h2), Probability: 0.03726089346439785
5. Hypothesis: s2 or nc1, Probability: 0.03726089346439785
Top 5 most probable q_hypotheses with probabilities:
1. Hypothesis: s1 or nc3, Probability: 0.07688159549666533
2. Hypothesis: n(s2 and c3), Probability: 0.07688159549666533
3. Hypothesis: n(s3 and c3), Probability: 0.07688159549666533
4. Hypothesis: n(c3 and h1), Probability: 0.07688159549666533
5. Hypothesis: n(c3 and h2), Probability: 0.07688159549666533
Block 3: p1=0.22424237030786867, p2=0.3926093138146796, p3=0.3831483158774516. Probability to respond correctly: 0.3926093138146796
Block 3: p1=0.44371330120930663, p2=0.25617042274762536, p3=0.300116276043068. Probability to respond correctly: 0.300116276043068
Block 3: p1=0.33552602723264124, p2=0.3310078570143654, p3=0.33346611575299334. Probability to respond correctly: 0.33552602723264124
Block 3: p1=0.33579310190402956, p2=0.3308733747527591, p3=0.3333335233432115. Probability to respond correctly: 0.33579310190402956
Block 3 pragmatic trial: p1=0.22991674850976748, p2=0.3829553250495224, p3=0.38712792644071015. Probability to respond correctly: 0.38712792644071015
Block 3: p1=0.39140142471419753, p2=0.39019405533067336, p3=0.21840451995512905. Probability to respond correctly: 0.39140142471419753
Block 3: p1=0.3409510534111629, p2=0.3240369462222751, p3=0.3350120003665621. Probability to respond correctly: 0.3350120003665621
Block 3: p1=0.34393393653525145, p2=0.307016736990894, p3=0.34904932647385467. Probability to respond correctly: 0.34393393653525145
Block 3 pragmatic trial: p1=0.33538579829528353, p2=0.3353646985334575, p3=0.329249503171259. Probability to respond correctly: 0.3353646985334575
Block 3: p1=0.35823542285037235, p2=0.3632598863573534, p3=0.27850469079227425. Probability to respond correctly: 0.3632598863573534
Block 3: p1=0.36313734706654843, p2=0.3632184937468532, p3=0.27364415918659835. Probability to respond correctly: 0.3632184937468532
Block 3: p1=0.36600144719632943, p2=0.26423192907923204, p3=0.3697666237244386. Probability to respond correctly: 0.36600144719632943
Block 3: p1=0.28488160741011176, p2=0.29859588715047086, p3=0.41652250543941743. Probability to respond correctly: 0.41652250543941743
Block 3: p1=0.43297540719645966, p2=0.24622040927626632, p3=0.320804183527274. Probability to respond correctly: 0.43297540719645966
Block 3: p1=0.2627632454802433, p2=0.4008688746477711, p3=0.3363678798719856. Probability to respond correctly: 0.4008688746477711
Block 3: p1=0.3328145837366573, p2=0.3344171175816109, p3=0.33276829868173186. Probability to respond correctly: 0.33276829868173186
Block 3 pragmatic trial: p1=0.24748151760599202, p2=0.37638595385506424, p3=0.3761325285389436. Probability to respond correctly: 0.37638595385506424
Block 3: p1=0.38372821573800536, p2=0.21716084255421436, p3=0.3991109417077803. Probability to respond correctly: 0.3991109417077803
Block 3: p1=0.3697308348535359, p2=0.3795421950903415, p3=0.2507269700561227. Probability to respond correctly: 0.3795421950903415
Block 3: p1=0.36528855900546403, p2=0.2744655930936183, p3=0.3602458479009176. Probability to respond correctly: 0.36528855900546403
Block 3 pragmatic trial: p1=0.33144775128030857, p2=0.3383693296750146, p3=0.33018291904467684. Probability to respond correctly: 0.3383693296750146
Block 3: p1=0.3348205846377225, p2=0.33075374057657464, p3=0.3344256747857028. Probability to respond correctly: 0.3344256747857028
Lexica 1: p=n(s1 and c1), q=s1 or nc3, Probability=0.009244347263626499			right p: ns1. look at the best 3 p hypotheses. right q: c1 and nh1
Lexica 2: p=n(s1 and c1), q=n(s2 and c3), Probability=0.009244347263626499
Lexica 3: p=n(s1 and c1), q=n(s3 and c3), Probability=0.009244347263626499
Lexica 4 pragmatic trial: p=n(s1 and c1), q=n(c3 and h1), Probability=0.009244347263626499
Lexica 5: p=n(s1 and c1), q=n(c3 and h2), Probability=0.009244347263626499
Top 5 most probable p_hypotheses with probabilities:
1. Hypothesis: n(s1 and c1), Probability: 0.1155214732410878
2. Hypothesis: n(s1 and c3), Probability: 0.1155214732410878
3. Hypothesis: c2 or ns1, Probability: 0.1155214732410878
4. Hypothesis: n(s1 and nc2), Probability: 0.042497975019233115
5. Hypothesis: ns1 or ns2, Probability: 0.042497975019233115
Top 5 most probable q_hypotheses with probabilities:
1. Hypothesis: s1 or nc3, Probability: 0.0800227611738814
2. Hypothesis: n(s2 and c3), Probability: 0.0800227611738814
3. Hypothesis: n(s3 and c3), Probability: 0.0800227611738814
4. Hypothesis: n(c3 and h1), Probability: 0.0800227611738814
5. Hypothesis: n(c3 and h2), Probability: 0.0800227611738814
Block 4: p1=0.33739463152922994, p2=0.3316623507921281, p3=0.33094301767864204. Probability to respond correctly: 0.33739463152922994
Block 4: p1=0.32792738297862595, p2=0.33476969896983755, p3=0.33730291805153656. Probability to respond correctly: 0.32792738297862595
Block 4: p1=0.3305250057116455, p2=0.33471140419107925, p3=0.33476359009727513. Probability to respond correctly: 0.33471140419107925
Block 4: p1=0.33050927875348474, p2=0.33474825656011326, p3=0.334742464686402. Probability to respond correctly: 0.334742464686402
Block 4 pragmatic trial: p1=0.25335156834660155, p2=0.3695264333269855, p3=0.37712199832641297. Probability to respond correctly: 0.25335156834660155
Block 4: p1=0.3205929585968332, p2=0.3396517956699355, p3=0.3397552457332313. Probability to respond correctly: 0.3397552457332313
Block 4: p1=0.3618184481390863, p2=0.2659905400389822, p3=0.3721910118219314. Probability to respond correctly: 0.3721910118219314
Block 4: p1=0.36842212859175294, p2=0.26316999234602106, p3=0.3684078790622261. Probability to respond correctly: 0.3684078790622261
Block 4 pragmatic trial: p1=0.36343073449245106, p2=0.27200095588361484, p3=0.3645683096239341. Probability to respond correctly: 0.27200095588361484
Block 4: p1=0.2594874574997036, p2=0.3698743817883083, p3=0.3706381607119881. Probability to respond correctly: 0.2594874574997036
Block 4: p1=0.3363747007629531, p2=0.3272290094882049, p3=0.33639628974884195. Probability to respond correctly: 0.3363747007629531
Block 4: p1=0.3464739108260636, p2=0.3259253519179229, p3=0.3276007372560135. Probability to respond correctly: 0.3276007372560135
Block 4 pragmatic trial: p1=0.38491876820725324, p2=0.22035891097054228, p3=0.39472232082220443. Probability to respond correctly: 0.22035891097054228
Block 4: p1=0.35964146485453874, p2=0.2695546430200158, p3=0.3708038921254455. Probability to respond correctly: 0.3708038921254455
Block 4: p1=0.33665488576602803, p2=0.3265659603532235, p3=0.3367791538807485. Probability to respond correctly: 0.3367791538807485
Block 4: p1=0.3347628873529639, p2=0.3318435319116619, p3=0.3333935807353742. Probability to respond correctly: 0.3347628873529639
Block 4: p1=0.343000567147032, p2=0.343152057981929, p3=0.31384737487103903. Probability to respond correctly: 0.31384737487103903
Block 4: p1=0.3366997327613663, p2=0.3367106953011081, p3=0.3265895719375256. Probability to respond correctly: 0.3366997327613663
Block 4: p1=0.336707944818634, p2=0.33670671273436026, p3=0.32658534244700566. Probability to respond correctly: 0.336707944818634
Block 4 pragmatic trial: p1=0.33845814718976525, p2=0.32459604688676086, p3=0.3369458059234739. Probability to respond correctly: 0.32459604688676086
Block 4: p1=0.3246887040286556, p2=0.336995197962575, p3=0.3383160980087694. Probability to respond correctly: 0.3383160980087694
Block 4: p1=0.25757710623102065, p2=0.3723957679928249, p3=0.3700271257761545. Probability to respond correctly: 0.3700271257761545
Lexica 1: p=n(s1 and c3), q=ns1 or ns2, Probability=0.017406443300176874		right q: s3 or c3, p: h1 and c1
Lexica 2: p=n(s1 and c3), q=ns1 or ns3, Probability=0.017406443300176874
Lexica 3: p=n(s1 and c3), q=ns2 or ns3, Probability=0.017406443300176874
Lexica 4: p=n(s1 and c3), q=nc1 or nc2, Probability=0.017406443300176874
Lexica 5: p=n(s1 and c3), q=nc1 or nc3, Probability=0.017406443300176874
Top 5 most probable p_hypotheses with probabilities:
1. Hypothesis: n(s1 and c3), Probability: 0.1762612729841534
2. Hypothesis: ns1 or ns2, Probability: 0.06484289860557739
3. Hypothesis: ns1 or ns3, Probability: 0.06484289860557739
4. Hypothesis: ns1 or nc3, Probability: 0.06484289860557739
5. Hypothesis: ns2 or ns3, Probability: 0.06484289860557739
Top 5 most probable q_hypotheses with probabilities:
1. Hypothesis: ns1 or ns2, Probability: 0.09875364568450487
2. Hypothesis: ns1 or ns3, Probability: 0.09875364568450487
3. Hypothesis: ns2 or ns3, Probability: 0.09875364568450487
4. Hypothesis: nc1 or nc2, Probability: 0.09875364568450487
5. Hypothesis: nc1 or nc3, Probability: 0.09875364568450487